iter      cost      cost_change  |gradient|   |step|    tr_ratio  tr_radius  ls_iter  iter_time  total_time
   0  1.163772e+05    0.00e+00    2.82e+05   0.00e+00   0.00e+00  1.00e+04        0    1.35e-03    1.44e-03
   1  4.970034e+05   -3.81e+05    2.82e+05   2.02e+00  -3.27e+00  5.00e+03        1    8.70e-05    1.64e-03
   2  4.963922e+05   -3.80e+05    2.82e+05   2.02e+00  -3.27e+00  1.25e+03        1    4.10e-05    1.70e-03
   3  4.927585e+05   -3.76e+05    2.82e+05   2.02e+00  -3.23e+00  1.56e+02        1    3.72e-05    1.75e-03
   4  4.614149e+05   -3.45e+05    2.82e+05   2.01e+00  -2.96e+00  9.77e+00        1    3.60e-05    1.81e-03
   5  2.474732e+05   -1.31e+05    2.82e+05   1.89e+00  -1.13e+00  3.05e-01        1    3.70e-05    1.86e-03
   6  2.941208e+04    8.70e+04    1.33e+05   6.75e-01   1.37e+00  9.16e-01        1    1.44e-03    3.31e-03
   7  3.890804e+03    2.55e+04    6.98e+04   4.18e-01   1.10e+00  2.75e+00        1    1.44e-03    4.79e-03
   8  1.266411e+02    3.76e+03    1.14e+04   9.30e-02   1.01e+00  8.24e+00        1    1.42e-03    6.24e-03
   9  7.742068e-01    1.26e+02    7.41e+02   2.05e-02   1.00e+00  2.47e+01        1    1.62e-03    7.90e-03
  10  7.173898e-04    7.73e-01    1.92e+01   1.73e-03   1.00e+00  7.42e+01        1    1.80e-03    9.73e-03
  11  8.735187e-08    7.17e-04    1.94e-01   5.56e-05   1.00e+00  2.22e+02        1    5.79e-03    1.56e-02
  12  1.432427e-10    8.72e-08    7.87e-04   6.28e-07   1.00e+00  6.67e+02        1    1.46e-03    1.71e-02
Ceres Solver Report: Iterations: 13, Initial cost: 1.163772e+05, Final cost: 1.432427e-10, Termination: CONVERGENCE
Initial a: 1	b: 1	c: 1
Final a: 0.291955	b: 0.428201	c: 0.575431
