0.999685 0.0233382 -0.00926082 -0.023591 0.999324 -0.0281892 0.00859668 0.0283988 0.99956
-0.531997 0.0277 -0.00125319
0.99958 0.0233094 -0.0172351 -0.0231567 0.999691 0.00900756 0.0174397 -0.00860467 0.999811
-0.526172 0.0344467 -0.0758013
0.999047 -0.00259196 0.0435801 0.0098746 0.985782 -0.167739 -0.0425257 0.168009 0.984868
-0.520904 0.0881635 -0.0683797
0.998693 -0.0472388 -0.0195215 0.0480343 0.99794 0.0425144 0.017473 -0.0433965 0.998905
-0.286112 -0.0329121 0.448159
0.997788 2.32909e-05 -0.0664828 -0.00297049 0.999017 -0.0442318 0.0664164 0.0443314 0.996807
0.471222 0.0183436 0.247796
0.99992 -0.00832414 0.00954018 0.00867844 0.999251 -0.0377185 -0.00921906 0.0377983 0.999243
-0.412294 0.0467488 -0.334092
0.886442 0.342387 0.311434 0.0734215 0.560333 -0.825007 -0.456979 0.754187 0.471564
-0.154616 0.235727 0.452013
0.99714 0.0748385 0.0105013 -0.0743645 0.996431 -0.0399473 -0.0134535 0.0390521 0.999147
-0.215257 0.0926312 0.478407
0.999685 0.0233382 -0.00926082 -0.023591 0.999324 -0.0281892 0.00859668 0.0283988 0.99956
-0.531997 0.0277 -0.00125319
0.99958 0.0233094 -0.0172351 -0.0231567 0.999691 0.00900756 0.0174397 -0.00860467 0.999811
-0.526172 0.0344467 -0.0758013
0.999047 -0.00259196 0.0435801 0.0098746 0.985782 -0.167739 -0.0425257 0.168009 0.984868
-0.520904 0.0881635 -0.0683797
0.998693 -0.0472388 -0.0195215 0.0480343 0.99794 0.0425144 0.017473 -0.0433965 0.998905
-0.286112 -0.0329121 0.448159
0.997788 2.32909e-05 -0.0664828 -0.00297049 0.999017 -0.0442318 0.0664164 0.0443314 0.996807
0.471222 0.0183436 0.247796
0.99992 -0.00832414 0.00954018 0.00867844 0.999251 -0.0377185 -0.00921906 0.0377983 0.999243
-0.412294 0.0467488 -0.334092
0.886442 0.342387 0.311434 0.0734215 0.560333 -0.825007 -0.456979 0.754187 0.471564
-0.154616 0.235727 0.452013
0.99714 0.0748385 0.0105013 -0.0743645 0.996431 -0.0399473 -0.0134535 0.0390521 0.999147
-0.215257 0.0926312 0.478407
